Concurso: 3576 - 01/01/2026 (Quinta)
01 02 03 05 07 08 10 13 16 18 19 21 22 23 25 

Concurso: 3577 - 02/01/2026 (Sexta)
01 02 04 05 06 08 09 10 12 16 18 20 23 24 25 

Concurso: 3578 - 03/01/2026 (Sábado)
02 03 04 05 06 07 09 10 14 17 19 20 22 23 24 

Concurso: 3579 - 05/01/2026 (Segunda)
01 02 03 04 08 10 11 13 15 17 19 20 21 23 25 

Concurso: 3580 - 06/01/2026 (Terça)
01 04 05 06 08 09 12 13 15 16 19 20 21 23 25 

Concurso: 3581 - 07/01/2026 (Quarta)
02 03 04 05 06 07 08 10 12 15 16 17 20 22 24 

Concurso: 3582 - 08/01/2026 (Quinta)
02 05 06 07 08 09 10 11 12 13 16 18 23 24 25 

Concurso: 3583 - 09/01/2026 (Sexta)
02 03 04 06 09 10 12 13 14 15 21 22 23 24 25 

Concurso: 3584 - 10/01/2026 (Sábado)
01 02 04 07 08 09 13 15 16 17 18 20 21 23 25 

Concurso: 3585 - 12/01/2026 (Segunda)
01 02 04 08 09 10 13 16 17 19 20 21 22 23 25 

Concurso: 3586 - 13/01/2026 (Terça)
01 02 06 10 11 12 13 14 15 17 18 21 22 24 25 

Concurso: 3587 - 14/01/2026 (Quarta)
01 02 04 08 09 10 11 12 13 16 17 18 19 20 22 

Concurso: 3588 - 15/01/2026 (Quinta)
03 05 07 08 09 11 14 15 16 17 19 21 22 23 24 

Concurso: 3589 - 16/01/2026 (Sexta)
01 02 03 04 08 10 11 12 15 18 19 21 22 24 25 

Concurso: 3590 - 17/01/2026 (Sábado)
04 06 08 10 11 12 13 15 16 17 19 20 21 22 23 

Concurso: 3591 - 19/01/2026 (Segunda)
01 02 03 04 06 07 10 11 13 14 15 17 18 19 20 

Concurso: 3592 - 20/01/2026 (Terça)
01 04 05 06 07 09 12 13 17 18 20 21 22 23 25 

Concurso: 3593 - 21/01/2026 (Quarta)
01 03 04 06 07 08 09 10 12 15 18 19 23 24 25 

Concurso: 3594 - 22/01/2026 (Quinta)
01 02 04 05 07 08 09 11 14 15 18 20 21 23 24 

Concurso: 3595 - 23/01/2026 (Sexta)
01 02 04 05 06 08 10 12 13 15 16 20 21 22 25 

Concurso: 3596 - 24/01/2026 (Sábado)
01 02 03 04 05 06 07 08 14 15 16 18 20 21 22 

Concurso: 3597 - 26/01/2026 (Segunda)
01 04 05 07 10 11 13 14 15 16 19 20 21 23 25 

Concurso: 3598 - 27/01/2026 (Terça)
01 03 04 05 06 07 08 09 11 16 18 21 22 23 24 

Concurso: 3599 - 28/01/2026 (Quarta)
01 04 06 07 08 09 11 12 13 16 19 20 21 23 24 

Concurso: 3600 - 29/01/2026 (Quinta)
03 04 05 06 07 08 09 11 12 16 17 20 21 22 25 

Concurso: 3601 - 30/01/2026 (Sexta)
02 03 04 06 07 08 09 11 16 17 20 21 23 24 25 

Concurso: 3602 - 31/01/2026 (Sábado)
01 02 03 04 05 06 08 09 15 18 19 20 22 23 24 
Fevereiro/2026

Concurso: 3603 - 02/02/2026 (Segunda)
02 04 05 09 10 11 12 14 15 17 19 20 21 22 24 

Concurso: 3604 - 03/02/2026 (Terça)
01 02 03 06 07 08 11 13 15 16 19 21 22 23 24 

Concurso: 3605 - 04/02/2026 (Quarta)
01 03 04 07 10 12 13 14 19 20 21 22 23 24 25 

Concurso: 3606 - 05/02/2026 (Quinta)
02 03 06 07 09 11 12 14 15 17 19 20 21 23 24 

Concurso: 3607 - 06/02/2026 (Sexta)
01 02 04 05 06 08 09 13 14 15 16 18 19 20 23 

Concurso: 3608 - 07/02/2026 (Sábado)
02 05 06 08 09 11 14 16 17 18 19 20 22 23 25 

Concurso: 3609 - 09/02/2026 (Segunda)
02 05 06 08 09 10 11 12 13 17 19 20 22 24 25 

Concurso: 3610 - 10/02/2026 (Terça)
01 03 05 07 08 10 13 14 17 20 21 22 23 24 25 

Concurso: 3611 - 11/02/2026 (Quarta)
01 02 03 04 05 06 10 11 12 14 15 17 18 19 25 

Concurso: 3612 - 12/02/2026 (Quinta)
04 06 08 09 11 14 15 16 17 18 19 20 21 22 25 

Concurso: 3613 - 13/02/2026 (Sexta)
01 03 04 07 09 10 11 12 15 16 18 20 21 22 23 

Concurso: 3614 - 14/02/2026 (Sábado)
02 04 05 06 09 10 11 12 14 15 16 17 20 23 25 

Concurso: 3615 - 18/02/2026 (Quarta)
02 03 06 07 08 09 10 11 14 15 17 18 21 23 25 

Concurso: 3616 - 19/02/2026 (Quinta)
01 04 05 06 10 11 13 14 16 18 19 20 21 23 24 

Concurso: 3617 - 20/02/2026 (Sexta)
02 04 07 08 10 11 12 13 16 19 20 21 22 23 25 

Concurso: 3618 - 21/02/2026 (Sábado)
01 03 04 05 09 10 11 12 14 15 20 21 22 23 24 

Concurso: 3619 - 23/02/2026 (Segunda)
01 02 07 08 10 11 13 14 16 18 19 20 23 24 25 

Concurso: 3620 - 24/02/2026 (Terça)
01 02 04 07 09 11 12 15 16 18 19 20 21 24 25 

Concurso: 3621 - 25/02/2026 (Quarta)
01 02 04 06 07 09 10 11 13 15 18 22 23 24 25 

Concurso: 3622 - 26/02/2026 (Quinta)
02 03 06 07 09 10 11 12 14 15 16 18 19 20 21 

Concurso: 3623 - 27/02/2026 (Sexta)
02 04 06 07 09 10 11 12 13 14 16 19 20 22 24 

Concurso: 3624 - 28/02/2026 (Sábado)
01 02 04 05 06 09 11 12 13 16 18 22 23 24 25 
Março/2026

Concurso: 3625 - 02/03/2026 (Segunda)
01 04 08 09 10 13 15 16 17 18 19 21 23 24 25 

Concurso: 3626 - 03/03/2026 (Terça)
01 02 03 06 07 09 10 13 15 16 17 18 20 21 25 

Concurso: 3627 - 04/03/2026 (Quarta)
01 02 06 07 08 09 10 12 13 14 15 16 17 19 21 

Concurso: 3628 - 05/03/2026 (Quinta)
02 03 04 06 09 10 13 15 16 17 20 21 23 24 25 

Concurso: 3629 - 06/03/2026 (Sexta)
01 04 07 13 14 15 16 17 19 20 21 22 23 24 25 

Concurso: 3630 - 07/03/2026 (Sábado)
02 03 04 05 06 07 08 11 12 14 15 17 19 23 24 

Concurso: 3631 - 09/03/2026 (Segunda)
04 07 08 09 12 13 14 15 16 17 19 20 21 23 25 

Concurso: 3632 - 10/03/2026 (Terça)
01 02 03 05 06 09 10 15 17 19 20 21 22 23 25 

Concurso: 3633 - 11/03/2026 (Quarta)
01 05 06 07 10 11 13 17 18 20 21 22 23 24 25 

Concurso: 3634 - 12/03/2026 (Quinta)
03 04 05 06 07 08 10 11 13 14 16 18 19 21 25 

Concurso: 3635 - 13/03/2026 (Sexta)
01 02 03 05 11 12 14 15 16 19 20 22 23 24 25 

Concurso: 3636 - 14/03/2026 (Sábado)
01 02 03 04 05 06 12 13 15 16 17 18 22 24 25 

Concurso: 3637 - 16/03/2026 (Segunda)
03 04 06 07 08 09 10 11 12 16 17 20 21 22 25 

Concurso: 3638 - 17/03/2026 (Terça)
02 03 06 07 08 10 11 13 15 18 19 20 22 24 25 

Concurso: 3639 - 18/03/2026 (Quarta)
01 03 04 05 06 07 09 10 11 12 13 15 18 23 25 

Concurso: 3640 - 19/03/2026 (Quinta)
01 04 06 07 09 10 11 13 14 15 16 18 19 22 24 

Concurso: 3641 - 20/03/2026 (Sexta)
01 02 03 05 06 09 10 13 14 16 19 20 21 22 25 

Concurso: 3642 - 21/03/2026 (Sábado)
01 02 04 05 06 07 09 10 12 13 14 18 20 23 25 

Concurso: 3643 - 23/03/2026 (Segunda)
03 04 05 06 08 09 10 13 17 19 20 22 23 24 25 

Concurso: 3644 - 24/03/2026 (Terça)
01 04 05 09 10 11 13 14 19 20 21 22 23 24 25 

Concurso: 3645 - 25/03/2026 (Quarta)
01 03 06 07 08 09 10 12 13 15 17 18 19 21 25 

Concurso: 3646 - 26/03/2026 (Quinta)
01 03 05 07 08 11 13 15 16 18 19 20 23 24 25 

Concurso: 3647 - 27/03/2026 (Sexta)
02 04 05 08 10 12 15 16 17 19 20 21 22 24 25 

Concurso: 3648 - 28/03/2026 (Sábado)
01 02 05 07 08 09 10 11 13 14 15 18 19 20 22 

Concurso: 3649 - 30/03/2026 (Segunda) 
06 08 09 10 11 12 13 14 15 17 18 20 21 24 25
